112
68
86
13
71
63
60
103
60
77
104
108
73
32
89
95
77
107
85
101
94
95
73
15
60
78
105
78
35
90
28
68
61
72
75
29
71
106
67
64
72
75
79
113
46
82
112
80
80
70
86
89
255
91
77
89
95
74
102
86
109
70
33
118
26
61
99
67
65
67
75
92
67
91
115
114
103
83
93
39
80
73
41
76
60
111
82
101
110
15
79
95
117
63
68
75
240
83
246
54
69
92
113
84
54
96
98
79
63
200
111
95
45
50
110
105
71
78
79
86
61
93
68
74
93
217
82
74
101
85
72
88
98
50
72
89
98
69
118
70
101
81
92
77
66
113
112
79
99
82
63
74
56
32
88
85
77
118
60
40
42
70
60
69
116
113
69
64
36
82
116
90
244
88
211
78
85
78
29
62
87
67
64
81
95
70
76
98
69
92
97
97
77
119
71
90
82
74
95
86
119
107
75
79
93
75
79
95
211
75
88
96
33
108
60
86
20
75
72
257
89
66
103
46
106
90
65
98
81
110
67
77
110
106
70
66
99
83
11
21
102
81
15
216
71
95
72
106
241
92
75
83
90
67
118
92
96
113
50
52
72
68
98
73
65
65
75
77
89
20
69
102
70
10
253
94
38
83
112
116
95
95
98
81
89
62
84
21
234
74
92
111
52
201
111
64
66
77
114
86
66
75
70
217
61
33
90
76
88
73
87
73
91
61
69
250
84
61
86
25
93
112
64
221
103
102
227
63
223
87
68
75
62
89
19
60
110
95
87
70
74
56
29
81
77
77
118
66
66
83
84
258
85
66
93
66
72
96
38
82
93
67
109
206
103
54
90
75
64
109
92
112
113
111
64
119
105
108
35
60
10
89
93
109
104
16
80
228
77
85
104
109
94
19
208
82
111
90
80
85
69
48
32
71
84
54
69
44
27
83
10
96
102
114
71
94
89
80
75
115
115
71
84
79
98
89
99
36
28
15
87
81
84
92
73
61
116
10
16
19
88
45
88
116
68
95
98
116
77
92
74
49
106
75
63
62
68
32
110
206
68
103
97
73
117
95
99
112
70
94
92
89
61
78
78
87
67
12
21
67
201
105
17
215
71
108
93
48
53
106
111
62
94
93
61
95
72
73
79
72
37
85
257
109
42
28
69
35
105
107
65
91
82
103
99
28
50
80
91
106
34
77
240
117
111
16
43
14
67
27
87
83
85
96
83
85
90
88
38
117
97
83
97
73
53
91
92
78
112
94
89
48
14
86
64
80
64
65
86
48
109
82
67
75
95
36
87
81
80
106
79
69
115
81
68
93
22
71
76
105
38
78
48
76
19
70
68
71
92
81
78
82
32
35
75
27
74
80
89
68
96
64
62
65
57
87
49
103
29
66
45
52
84
73
65
88
87
85
212
61
20
101
48
107
108
92
67
12
80
66
104
22
98
109
60
68
91
96
75
95
51
89
62
73
86
68
119
74
64
31
82
94
64
80
111
77
14
99
64
90
30
118
18
110
95
65
118
72
93
78
61
81
82
71
61
20
65
71
72
93
67
88
110
108
111
204
86
88
86
34
119
115
76
251
71
111
76
62
78
95
82
96
32
17
115
72
65
85
92
66
71
87
79
84
81
99
74
11
104
71
53
81
82
63
27
84
21
61
73
78
44
72
77
94
22
38
99
97
95
66
62
92
70
89
239
64
86
82
63
107
98
18
26
231
86
27
50
74
96
79
105
70
83
86
82
62
71
83
12
76
74
88
95
86
77
96
82
60
114
74
104
35
116
44
96
222
98
85
44
94
69
56
87
35
92
107
119
84
119
107
71
86
53
114
72
111
118
258
85
76
19
115
52
32
81
28
84
88
80
37
79
114
93
12
103
95
104
83
40
118
11
92
79
78
35
48
76
101
86
69
92
49
25
106
18
61
12
119
79
69
206
75
61
91
77
115
92
46
49
92
235
98
13
94
68
65
38
72
86
115
86
62
67
87
73
13
72
110
84
63
12
88
44
94
88
70
60
54
116
79
67
12
85
63
87
60
113
111
91
93
69
68
55
79
87
87
11
33
16
72
23
22
63
87
85
84
102
80
88
79
23
43
99
69
105
87
102
86
65
211
37
62
22
65
97
83
49
64
43
20
258
81
22
64
57
119
88
82
61
32
42
64
29
24
68
110
47
61
68
109
63
39
14
106
83
65
99
73
21
91
99
68
87
92
17
15
60
94
106
70
71
67
79
30
85
91
64
94
108
112
117
70
64
72
49
108
15
80
217
83
61
89
67
66
66
90
31
97
88
79
38
68
72
107
84
15
44
77
67
61
95
42
106
68
74
71
72
74
74
73
103
50
73
224
69
96
85
71
97
102
93
14
67
103
105
77
105
96
117
94
89
252
47
40
85
60
73
74
93
73
85
35
57
78
77
36
98
72
73
101
86
46
49
82
111
101
33
83
83
99
119
219
65
58
80
81
116
41
72
86
62
90
61
61
37
79
17
103
60
86
62
99
34
74
68
79
63
21
246
62
74
88
88
242
74
99
36
74
240
37
93
76
42
83
30
118
52
68
105
99
46
117
38
115
90
61
89
60
65
224
109
98
31
67
60
67
85
28
84
93
111
11
99
75
25
103
81
90
34
70
82
11
102
99
34
75
72
42
61
75
79
15
22
106
244
89
76
95
30
62
76
66
16
65
78
44
61
22
88
103
61
106
89
254
88
84
80
85
99
29
118
62
52
53
70
114
65
68
110
75
58
39
74
77
77
92
114
84
25
87
80
72
88
104
243
68
24
115
73
94
97
83
67
79
101
119
248
103
106
17
89
38
107
73
68
47
29
116
89
74
97
91
40
64
31
96
85
85
13
92
47
84
90
73
71
69
52
35
39
109
103
24
21
32
218
118
233
85
101
118
98
105
76
118
91
86
67
74
76
37
108
10
90
113
85
73
111
69
95
99
86
78
202
106
86
98
81
91
14
113
64
68
84
65
42
67
42
35
89
18
69
97
107
113
72
80
97
79
57
79
30
62
18
68
84
19
77
80
116
72
111
83
92
102
89
114
72
60
108
87
61
86
38
70
89
214
97
80
62
76
87
84
102
101
93
52
229
98
250
67
94
61
27
53
79
97
70
61
58
98
85
95
113
92
60
55
102
26
33
41
37
81
240
98
117
60
109
10
105
14
108
104
74
91
76
69
65
62
63
78
94
71
118
103
79
60
80
102
89
75
45
45
26
85
115
29
62
77
76
18
99
36
94
23
97
77
10
87
82
91
65
92
70
220
116
111
85
76
87
110
92
80
109
78
95
99
118
116
114
106
110
70
117
97
117
49
71
49
102
23
91
117
97
62
69
118
111
34
67
75
61
104
114
75
18
92
111
251
10
110
68
54
98
85
48
22
68
114
74
41
101
89
98
84
84
86
108
72
112
64
72
92
60
71
215
111
39
61
109
78
92
99
60
42
200
71
70
74
16
104
90
84
103
61
60
19
97
71
80
117
63
95
87
117
97
237
31
102
78
23
69
60
70
77
105
61
119
28
74
41
66
17
95
77
118
75
78
73
73
72
206
216
91
105
29
61
78
67
113
95
109
73
79
86
75
62
60
71
63
63
98
94
113
93
91
25
74
75
58
64
69
77
96
21
103
26
20
65
80
96
88
99
16
57
10
75
92
103
42
95
68
106
81
76
77
81
13
65
60
118
44
106
64
103
74
94
47
81
118
47
82
53
80
89
97
45
65
94
63
202
112
70
82
254
47
65
82
41
76
60
92
91
108
77
64
99
43
77
85
65
93
69
87
38
95
68
88
73
96
63
70
79
85
88
252
75
85
47
73
89
20
62
94
94
79
64
20
61
91
61
95
77
68
87
23
67
95
87
92
108
68
72
75
66
109
68
87
106
97
93
66
70
112
93
27
24
109
78
93
92
117
105
64
76
76
65
49
97
81
70
62
98
87
223
83
98
89
94
85
118
91
75
98
101
68
37
28
74
89
68
76
212
73
72
33
63
91
116
111
68
70
99
114
71
87
87
96
87
60
66
88
15
32
94
94
67
61
75
26
87
72
46
91
82
92
32
79
72
115
28
90
44
92
87
119
69
63
212
37
213
92
240
62
92
25
104
119
61
69
77
63
89
84
64
103
242
62
118
67
88
64
10
25
52
58
37
109
94
31
49
68
93
83
111
70
204
77
37
245
118
63
63
24
229
114
71
74
32
99
39
82
94
68
105
235
98
28
87
94
11
96
75
64
80
39
66
43
29
50
64
110
76
86
77
43
89
60
247
76
90
50
54
95
221
74
69
43
60
18
34
111
84
73
75
36
205
88
88
20
60
63
91
55
112
83
103
91
97
66
64
10
31
107
81
84
95
66
50
72
67
78
98
114
48
96
66
89
67
33
109
66
81
79
18
256
92
38
95
92
108
99
55
93
223
82
87
60
35
38
68
71
91
69
62
101
105
27
83
94
76
114
96
219
71
76
15
20
79
97
80
51
70
108
88
62
94
110
61
119
78
101
73
86
87
81
15
91
97
66
17
81
62
99
61
92
213
63
38
64
66
58
50
105
71
94
205
73
71
107
98
96
16
21
52
82
243
15
74
115
99
52
101
102
63
99
69
86
108
15
79
246
98
54
64
74
72
60
103
86
64
67
107
212
112
86
92
45
109
98
87
96
67
94
107
35
90
57
101
238
117
56
89
44
45
113
68
92
102
65
103
64
65
255
97
74
88
61
108
85
77
90
104
103
106
70
77
68
72
105
106
53
82
112
49
103
80
34
26
60
71
64
76
86
27
214
88
65
79
30
45
24
60
92
99
31
50
94
72
116
68
62
78
97
111
44
78
92
36
85
85
73
79
33
94
104
106
74
236
53
88
83
73
79
98
109
60
70
91
89
78
102
86
94
44
79
114
236
66
54
84
67
112
114
87
88
74
44
114
19
113
64
108
96
118
56
20
64
71
61
88
72
72
66
102
89
19
65
76
96
28
63
86
88
13
99
77
79
78
85
39
73
116
84
107
118
60
95
104
71
74
13
234
77
83
109
116
80
64
75
13
117
68
79
98
79
92
91
247
70
65
58
86
95
111
80
55
76
43
106
38
82
25
106
54
77
77
96
49
79
95
116
72
60
88
53
95
41
51
118
99
34
98
65
103
119
15
61
89
84
81
62
65
47
89
33
89
65
65
34
89
242
254
90
34
89
54
216
230
68
38
65
87
57
117
111
45
97
12
118
61
101
65
229
24
24
67
85
88
64
96
70
67
61
78
80
95
61
92
21
110
93
222
22
13
73
115
18
83
23
77
87
49
69
24
79
90
58
23
116
74
84
72
68
97
60
76
72
106
71
38
83
23
56
70
79
61
19
24
75
65
92
101
115
16
16
68
70
69
88
84
75
85
97
91
66
78
84
242
99
61
119
94
72
111
64
85
63
87
75
69
81
69
111
105
94
96
205
64
114
82
104
71
39
31
79
85
88
16
29
26
20
79
82
84
78
102
66
95
97
73
95
37
71
15
94
95
76
22
86
99
41
96
107
69
90
33
83
237
77
117
15
52
63
78
68
65
114
75
76
105
97
108
215
30
52
208
19
104
115
98
50
87
256
18
63
97
101
88
80
91
83
105
87
91
57
62
48
71
95
106
210
10
105
24
86
108
32
88
91
218
65
19
75
69
21
112
73
102
63
82
80
118
30
63
12
63
119
80
77
85
61
29
53
116
61
116
71
205
61
78
99
92
66
99
60
86
74
83
90
96
82
85
83
91
97
244
74
13
78
49
78
51
97
64
71
69
84
99
68
205
81
69
117
73
91
97
71
69
75
83
77
247
118
79
43
26
71
64
72
28
26
224
86
109
99
112
65
109
31
54
66
80
67
60
99
71
65
76
102
68
86
63
101
52
28
89
95
92
96
66
93
75
80
25
90
75
24
106
11
72
99
61
113
98
67
117
65
58
84
110
63
113
11
67
87
17
86
101
97
79
88
68
109
63
89
89
71
98
11
61
33
75
79
62
74
95
72
28
80
56
68
95
119
71
17
86
63
82
94
94
49
110
86
118
40
79
98
70
22
90
78
41
31
93
103
61
18
64
74
104
49
14
102
84
91
49
98
86
97
110
99
89
117
104
86
226
49
78
96
35
61
62
40
10
101
94
93
62
71
63
60
61
68
10
104
53
64
90
96
69
93
25
111
84
94
67
109
97
94
74
118
61
63
117
32
83
88
58
62
110
84
93
90
90
81
110
63
64
45
62
93
114
80
75
30
84
61
76
35
66
85
74
82
112
71
53
23
82
106
87
65
106
27
98
89
96
92
79
97
11
95
109
54
64
86
55
65
61
21
109
76
86
73
38
99
72
65
63
96
69
77
73
96
93
65
81
91
79
34
80
64
105
46
55
101
64
67
16
98
68
12
110
63
94
71
75
76
18
61
89
39
96
89
85
68
108
97
108
76
21
76
65
92
58
93
88
83
67
67
71
96
251
84
60
91
95
45
83
18
97
91
75
108
62
108
46
65
80
102
88
55
68
258
73
106
109
80
113
34
259
97
112
234
65
84
65
82
86
97
32
61
46
95
101
36
221
83
63
66
94
65
98
85
226
85
96
90
30
83
74
112
93
70
73
68
29
205
84
101
25
89
92
78
60
238
95
72
68
83
41
81
62
98
20
13
94
115
102
71
37
104
70
71
67
85
75
76
30
48
104
93
64
79
117
82
76
60
68
92
115
10
29
68
44
29
27
32
241
67
16
54
108
85
119
43
80
79
257
69
53
119
68
119
80
116
87
76
16
34
67
241
37
81
116
46
93
71
110
82
72
98
72
31
91
111
71
113
65
104
61
37
70
90
95
23
89
16
88
14
97
111
10
73
64
226
240
89
96
90
68
72
10
17
72
51
22
83
67
42
81
77
85
91
30
99
87
50
218
91
238
95
91
80
114
94
69
70
115
66
32
101
30
96
103
94
102
50
77
119
66
218
75
66
78
64
60
97
108
27
89
75
94
80
71
57
80
75
116
83
88
83
94
70
89
50
87
67
105
69
84
69
116
107
88
60
64
93
46
45
54
114
116
87
99
95
105
85
68
93
89
90
70
67
15
63
83
99
67
95
112
86
118
94
13
47
219
38
82
114
81
248
81
77
108
97
62
36
83
106
84
47
81
93
95
98
26
92
97
17
115
31
65
62
82
114
61
41
57
99
25
214
64
105
42
53
87
95
12
29
62
86
92
72
89
88
83
99
77
15
77
64
117
88
95
91
94
96
104
87
73
46
85
21
98
69
57
68
87
77
42
65
60
22
35
22
102
46
94
61
58
116
68
96
105
80
60
204
34
115
77
68
102
78
90
111
18
40
32
60
98
25
109
82
91
69
80
17
84
43
54
29
84
99
89
206
87
84
12
80
94
89
60
74
74
92
87
99
86
64
113
98
42
51
117
88
72
91
92
73
87
94
21
81
75
92
49
85
52
80
91
95
73
96
99
94
95
117
103
79
86
75
93
70
42
66
69
70
86
78
76
80
76
71
88
62
207
97
98
45
64
73
89
94
76
74
62
107
110
88
84
12
102
82
83
77
115
67
80
101
66
63
56
67
64
110
70
76
28
33
24
75
19
35
67
70
109
90
95
232
107
111
67
71
78
60
96
63
88
63
10
69
91
60
22
67
116
119
96
19
76
117
102
94
48
243
204
43
86
86
84
64
96
81
118
257
67
76
63
75
63
85
40
58
96
66
69
119
32
31
30
86
111
95
82
61
63
101
81
104
10
37
83
98
78
43
62
78
257
18
86
96
62
21
110
99
66
72
103
93
34
37
27
83
106
62
102
65
85
60
32
72
67
22
91
110
101
62
97
97
102
35
83
65
103
69
111
219
88
69
113
76
106
75
85
19
109
75
64
116
105
65
87
95
54
109
99
88
97
112
36
87
79
99
77
94
60
34
82
113
97
83
44
112
83
93
80
65
61
83
27
107
114
101
66
80
86
44
118
37
89
74
118
67
82
90
86
113
117
61
96
49
45
20
62
84
19
74
82
71
70
75
68
116
31
22
96
70
64
62
86
113
10
84
71
97
77
24
86
81
82
70
39
76
24
106
116
83
94
25
66
95
118
81
85
117
83
249
98
50
111
112
74
110
77
93
49
81
99
107
79
19
65
71
75
16
70
85
103
61
29
97
62
77
69
231
79
71
97
53
94
101
73
68
96
104
102
40
16
72
97
113
13
44
90
29
78
76
94
111
93
95
67
82
110
66
118
44
94
88
99
107
95
80
72
80
116
77
10
70
80
70
81
71
35
208
31
32
83
82
90
67
80
102
92
77
66
33
95
70
101
17
107
94
69
45
45
55
97
13
201
82
241
103
68
118
116
71
73
67
69
78
60
117
90
64
25
117
25
89
15
87
38
85
61
104
109
78
36
102
20
78
22
57
65
117
63
84
77
67
98
80
39
90
207
224
51
86
98
86
33
119
109
118
89
75
73
117
104
97
80
82
20
88
89
70
115
84
119
67
32
71
72
90
95
75
65
103
76
103
81
15
109
67
12
38
116
101
65
86
105
69
40
98
91
85
110
112
102
60
18
77
28
54
20
220
84
74
76
107
88
71
87
94
96
114
47
99
16
89
93
114
64
68
11
118
65
99
88
235
96
19
96
76
38
109
88
67
72
94
67
94
19
74
102
20
230
72
15
26
40
81
106
46
84
75
88
76
97
79
27
20
103
70
67
250
77
207
86
37
60
107
21
17
68
30
87
74
85
94
93
81
103
101
22
50
78
64
66
98
114
63
81
81
93
92
112
114
80
60
60
99
72
115
69
85
86
73
119
76
57
107
250
10
99
106
46
53
48
103
89
93
101
82
107
64
113
87
258
37
57
87
87
78
72
61
13
24
66
71
62
53
62
74
85
35
46
109
28
43
104
104
90
81
46
88
67
69
90
76
69
60
118
75
73
83
113
118
61
74
92
70
77
38
113
76
27
117
69
239
77
95
93
75
67
60
35
37
66
47
245
72
86
63
85
93
87
27
88
48
95
21
220
75
79
70
68
108
69
89
224
87
88
97
77
21
82
84
96
28
79
254
99
95
77
91
104
67
103
71
103
23
42
114
35
35
116
76
28
91
86
98
118
55
73
86
68
81
99
104
112
22
20
30
92
63
94
65
23
116
44
119
78
10
258
81
72
31
68
84
116
70
87
62
65
92
115
74
106
112
118
90
34
62
63
25
84
75
66
34
98
67
70
92
90
49
94
60
42
63
93
108
86
118
71
92
90
10
83
204
80
31
97
19
70
21
46
108
44
63
95
102
227
93
71
209
17
38
101
76
63
94
88
65
62
86
101
113
28
95
72
17
85
79
93
118
92
30
65
71
69
70
14
86
84
203
38
96
115
70
66
101
119
85
67
95
67
74
109
115
81
68
92
84
98
104
82
61
232
69
79
82
79
65
109
110
116
83
40
42
63
119
39
32
94
65
224
102
87
95
91
85
75
71
85
66
79
112
112
12
65
73
62
30
20
99
112
90
82
71
61
12
94
206
12
89
116
115
66
118
87
71
88
116
42
85
96
68
79
73
119
104
52
95
98
32
31
71
92
118
85
108
212
92
209
75
86
49
75
95
80
98
248
64
96
14
92
91
62
109
80
58
14
45
93
37
11
75
11
79
89
112
85
17
99
66
88
77
72
113
47
69
21
60
97
109
64
99
117
32
256
75
45
110
75
64
108
81
209
92
98
62
86
106
93
82
24
96
73
86
62
108
99
79
60
78
64
90
105
70
78
79
206
73
65
69
94
86
67
67
113
93
65
16
109
69
97
68
104
51
66
23
75
66
85
112
81
83
87
81
101
119
66
53
76
250
82
91
88
83
53
14
60
82
99
102
72
110
116
19
75
46
23
101
17
81
68
83
91
70
33
105
98
14
96
75
242
20
89
74
90
103
99
57
76
98
44
63
104
117
97
79
88
97
34
102
38
92
38
77
66
83
68
231
99
83
71
72
76
93
78
91
76
117
69
87
76
215
99
17
83
89
97
74
94
51
97
79
93
80
69
71
108
95
82
97
17
83
114
118
99
97
62
114
103
17
86
63
98
78
69
88
85
250
62
80
103
91
230
72
89
69
92
104
99
88
24
60
90
90
64
65
79
101
67
67
63
63
118
118
96
88
11
87
111
85
61
232
65
80
89
72
97
95
70
73
16
80
88
243
70
115
91
94
91
71
226
63
29
68
74
74
104
258
63
60
74
85
103
74
101
115
10
58
73
259
94
90
106
70
97
83
86
102
86
111
80
54
70
254
107
114
72
18
92
113
74
80
85
94
97
235
87
70
74
63
95
115
98
88
97
60
50
112
62
77
112
112
15
69
88
36
63
68
118
46
64
90
86
26
93
30
86
67
90
86
13
93
114
78
216
66
19
113
75
40
115
93
84
114
104
90
85
75
44
99
112
92
65
64
102
117
64
24
47
49
94
118
41
11
76
99
110
76
62
51
93
64
113
91
76
63
78
69
27
89
107
89
14
71
78
67
92
92
64
75
70
11
75
75
115
98
247
109
17
114
63
214
73
90
103
63
117
205
112
36
109
35
79
95
90
13
91
72
94
60
95
11
60
24
83
83
14
97
95
91
91
95
103
66
69
105
93
80
34
95
57
80
81
200
53
88
82
60
65
99
84
101
107
84
107
62
57
102
45
86
91
50
84
64
95
82
87
76
107
66
91
80
81
