112
68
86
13
71
63
60
103
60
77
104
108
73
32
89
95
77
107
85
101
94
95
73
15
60
78
105
78
35
90
28
68
61
72
75
29
71
106
67
64
72
75
79
113
46
82
112
80
80
70
86
89
255
91
77
89
95
74
102
86
109
70
33
118
26
61
99
67
65
67
75
92
67
91
115
114
103
83
93
39
80
73
41
76
60
111
82
101
110
15
79
95
117
63
68
75
240
83
246
54
69
92
113
84
54
96
98
79
63
200
111
95
45
50
110
105
71
78
79
86
61
93
68
74
93
217
82
74
101
85
72
88
98
50
72
89
98
69
118
70
101
81
92
77
66
113
112
79
99
82
63
74
56
32
88
85
77
118
60
40
42
70
60
69
116
113
69
64
36
82
116
90
244
88
211
78
85
78
29
62
87
67
64
81
95
70
76
98
69
92
97
97
77
119
71
90
82
74
95
86
119
107
75
79
93
75
79
95
211
75
88
96
33
108
60
86
20
75
72
257
89
66
103
46
106
90
65
98
81
110
67
77
110
106
70
66
99
83
11
21
102
81
15
216
71
95
72
106
241
92
75
83
90
67
118
92
96
113
50
52
72
68
98
73
65
65
75
77
89
20
69
102
70
10
253
94
38
83
112
116
95
95
98
81
89
62
84
21
234
74
92
111
52
201
111
64
66
77
114
86
66
75
70
217
61
33
90
76
88
73
87
73
91
61
69
250
84
61
86
25
93
112
64
221
103
102
227
63
223
87
68
75
62
89
19
60
110
95
87
70
74
56
29
81
77
77
118
66
66
83
84
258
85
66
93
66
72
96
38
82
93
67
109
206
103
54
90
75
64
109
92
112
113
111
64
119
105
108
35
60
10
89
93
109
104
16
80
228
77
85
104
109
94
19
208
82
111
90
80
85
69
48
32
71
84
54
69
44
27
83
10
96
102
114
71
94
89
80
75
115
115
71
84
79
98
89
99
36
28
15
87
81
84
92
73
61
116
10
16
19
88
45
88
116
68
95
98
116
77
92
74
49
106
75
63
62
68
32
110
206
68
103
97
73
117
95
99
112
70
94
92
89
61
78
78
87
67
12
21
67
201
105
17
215
71
108
93
48
53
106
111
62
94
93
61
95
72
73
79
72
37
85
257
109
42
28
69
35
105
107
65
91
82
103
99
28
50
80
91
106
34
77
240
117
111
16
43
14
67
27
87
83
85
96
83
85
90
88
38
117
97
83
97
73
53
91
92
78
112
94
89
48
14
86
64
80
64
65
86
48
109
82
67
75
95
36
87
81
80
106
79
69
115
81
68
93
22
71
76
105
38
78
48
76
19
70
68
71
92
81
78
82
32
35
75
27
74
80
89
68
96
64
62
65
57
87
49
103
29
66
45
52
84
73
65
88
87
85
212
61
20
101
48
107
108
92
67
12
80
66
104
22
98
109
60
68
91
96
75
95
51
89
62
73
86
68
119
74
64
31
82
94
64
80
111
77
14
99
64
90
30
118
18
110
95
65
118
72
93
78
61
81
82
71
61
20
65
71
72
93
67
88
110
108
111
204
86
88
86
34
119
115
76
251
71
111
76
62
78
95
82
96
32
17
115
72
65
85
92
66
71
87
79
84
81
99
74
11
104
71
53
81
82
63
27
84
21
61
73
78
44
72
77
94
22
38
99
97
95
66
62
92
70
89
239
64
86
82
63
107
98
18
26
231
86
27
50
74
96
79
105
70
83
86
82
62
71
83
12
76
74
88
95
86
77
96
82
60
114
74
104
35
116
44
96
222
98
85
44
94
69
56
87
35
92
107
119
84
119
107
71
86
53
114
72
111
118
258
85
76
19
115
52
32
81
28
84
88
80
37
79
114
93
12
103
95
104
83
40
118
11
92
79
78
35
48
76
101
86
69
92
49
25
106
18
61
12
119
79
69
206
75
61
91
77
115
92
46
49
92
235
98
13
94
68
65
38
72
86
115
86
62
67
87
73
13
72
110
84
63
12
88
44
94
88
70
60
54
116
79
67
12
85
63
87
60
113
111
91
93
69
68
55
79
87
87
11
33
16
72
23
22
63
87
85
84
102
80
88
79
23
43
99
69
105
87
102
86
65
211
37
62
22
65
97
83
49
64
43
20
258
81
22
64
57
119
88
82
61
32
42
64
29
24
68
110
47
61
68
109
63
39
14
106
83
65
99
73
21
91
99
68
87
92
17
15
60
94
106
70
71
67
79
30
85
91
64
94
108
112
117
70
64
72
49
108
15
80
217
83
61
89
67
66
66
90
31
97
88
79
38
68
72
107
84
15
44
77
67
61
95
42
106
68
74
71
72
74
74
73
103
50
73
224
69
96
85
71
97
102
93
14
67
103
105
77
105
96
117
94
89
252
47
40
85
60
73
74
93
73
85
35
57
78
77
36
98
72
73
101
86
46
49
82
111
101
33
83
83
99
119
219
65
58
80
81
116
41
72
86
62
90
61
61
37
79
17
103
60
86
62
99
34
74
68
79
63
21
246
62
74
88
88
242
74
99
36
74
240
37
93
76
42
83
30
118
52
68
105
99
46
117
38
115
90
61
89
60
65
224
109
98
31
67
60
67
85
28
84
93
111
11
99
75
25
103
81
90
34
70
82
11
102
99
34
75
72
42
61
75
79
15
22
106
244
89
76
95
30
62
76
66
16
65
78
44
61
22
88
103
61
106
89
254
88
84
80
85
99
29
118
62
52
53
70
114
65
68
110
75
58
39
74
77
77
92
114
84
25
87
80
72
88
104
243
68
24
115
73
94
97
83
67
79
101
119
248
103
106
17
89
38
107
73
68
47
29
116
89
74
97
91
40
64
31
96
85
85
13
92
47
84
90
73
71
69
52
35
39
109
103
24
21
32
218
118
233
85
101
118
98
105
76
118
91
86
67
74
76
37
108
10
90
113
85
73
111
69
95
99
86
78
202
106
86
98
81
91
14
113
64
68
84
65
42
67
42
35
89
18
69
97
107
113
72
80
97
79
57
79
30
62
18
68
84
19
77
80
116
72
111
83
92
102
89
114
72
60
108
87
61
86
38
70
89
214
97
80
62
76
87
84
102
101
93
52
229
98
250
67
94
61
27
53
79
97
70
61
58
98
85
95
113
92
60
55
102
26
33
41
37
81
240
98
117
60
109
10
105
14
108
104
74
91
76
69
65
62
63
78
94
71
118
103
79
60
80
102
89
75
45
45
26
85
115
29
62
77
76
18
99
36
94
23
97
77
10
87
82
91
65
92
70
220
116
111
85
76
87
110
92
80
109
78
95
99
118
116
114
106
110
70
117
97
117
49
71
49
102
23
91
117
97
62
69
118
111
34
67
75
61
104
114
75
18
92
111
251
10
110
68
54
98
85
48
22
68
114
74
41
101
89
98
84
84
86
108
72
112
64
72
92
60
71
215
111
39
61
109
78
92
99
60
42
200
71
70
74
16
104
90
84
103
61
60
19
97
71
80
117
63
95
87
117
97
237
31
102
78
23
69
60
70
77
105
61
119
28
74
41
66
17
95
77
118
75
78
73
73
72
206
216
91
105
29
61
78
67
113
95
109
73
79
86
75
62
60
71
63
63
98
94
113
93
91
25
74
75
58
64
69
77
96
21
103
26
20
65
80
96
88
99
16
57
10
75
92
103
42
95
68
106
81
76
77
81
13
65
60
118
44
106
64
103
74
94
47
81
118
47
82
53
80
89
97
45
65
94
63
202
112
70
82
254
47
65
82
41
76
60
92
91
108
77
64
99
43
77
85
65
93
69
87
38
95
68
88
73
96
63
70
79
85
88
252
75
85
47
73
89
20
62
94
94
79
64
20
61
91
61
95
77
68
87
23
67
95
87
92
108
68
72
75
66
109
68
87
106
97
93
66
70
112
93
27
24
109
78
93
92
117
105
64
76
76
65
49
97
81
70
62
98
87
223
83
98
89
94
85
118
91
75
98
101
68
37
28
74
89
68
76
212
73
72
33
63
91
116
111
68
70
99
114
71
87
87
96
87
60
66
88
15
32
94
94
67
61
75
26
87
72
46
91
82
92
32
79
72
115
28
90
44
92
87
119
69
63
212
37
213
92
240
62
92
25
104
119
61
69
77
63
89
84
64
103
242
62
118
67
88
64
10
25
52
58
37
109
94
31
49
68
93
83
111
70
204
77
37
245
118
63
63
24
229
114
71
74
32
99
39
82
94
68
105
235
98
28
87
94
11
96
75
64
80
39
66
43
29
50
64
110
76
86
77
