73
75
61
119
29
90
95
95
247
87
93
202
97
78
93
67
79
72
108
62
74
56
93
61
95
58
26
83
42
73
105
36
90
69
91
112
111
82
86
97
113
67
69
83
61
50
47
72
17
81
79
27
88
73
99
41
80
86
16
81
41
10
86
207
87
92
79
49
75
64
10
62
66
68
63
44
106
92
89
73
103
34
81
95
69
26
97
92
88
27
115
53
78
72
77
67
14
49
83
114
81
107
81
85
53
109
114
27
82
88
73
86
80
93
86
82
78
76
89
89
95
42
80
17
86
97
12
80
94
61
97
29
46
97
113
90
93
11
54
79
27
71
67
92
114
67
27
28
78
89
103
80
115
117
81
78
258
62
92
108
117
24
102
76
46
64
86
87
68
91
19
72
79
20
91
82
104
24
58
90
79
101
207
99
69
80
97
75
65
83
54
35
14
87
95
81
42
71
16
92
115
92
225
45
54
36
44
67
111
104
108
98
81
28
85
30
15
63
94
42
101
94
17
87
102
96
42
89
66
54
110
69
114
72
85
47
84
77
73
95
31
24
20
94
12
71
99
63
88
90
110
79
42
11
71
84
88
64
94
96
102
29
34
70
65
77
77
40
92
86
61
80
75
69
34
103
50
109
80
85
93
91
71
92
88
105
43
96
17
95
76
58
41
67
106
10
56
52
55
80
86
79
66
66
94
117
117
65
93
83
73
19
69
99
60
67
91
28
92
72
56
70
75
67
72
259
204
70
20
47
78
85
73
