112
68
86
13
71
63
60
103
60
77
104
108
73
32
89
95
77
107
85
101
94
95
73
15
60
78
105
78
35
90
28
68
61
72
75
29
71
106
67
64
72
75
79
113
46
82
112
80
80
70
86
89
255
91
77
89
95
74
102
86
109
70
33
118
26
61
99
67
65
67
75
92
67
91
115
114
103
83
93
39
80
73
41
76
60
111
82
101
110
15
79
95
117
63
68
75
240
83
246
54
69
92
113
84
54
96
98
79
63
200
111
95
45
50
110
105
71
78
79
86
61
93
68
74
93
217
82
74
101
85
72
88
98
50
72
89
98
69
118
70
101
81
92
77
66
113
112
79
99
82
63
74
56
32
88
85
77
118
60
40
42
70
60
69
116
113
69
64
36
82
116
90
244
88
211
78
85
78
29
62
87
67
64
81
95
70
