112
68
86
13
71
63
60
103
60
77
104
108
73
32
89
95
77
107
85
101
94
95
73
15
60
78
105
78
35
90
28
68
61
72
75
29
71
106
67
64
72
75
79
113
46
82
112
80
80
70
86
89
255
91
77
89
95
74
102
86
109
70
33
118
26
61
99
67
65
67
75
92
67
91
115
114
103
83
93
39
80
73
41
76
60
111
82
101
110
15
79
95
117
63
68
75
240
83
246
54
69
92
113
84
54
96
98
79
63
200
111
95
45
50
110
105
71
78
79
86
61
93
68
74
93
217
82
74
101
85
72
88
98
50
72
89
98
69
118
70
101
81
92
77
66
113
112
79
99
82
63
74
56
32
88
85
77
118
60
40
42
70
60
69
116
113
69
64
36
82
116
90
244
88
211
78
85
78
29
62
87
67
64
81
95
70
76
98
69
92
97
97
77
119
71
90
82
74
95
86
119
107
75
79
93
75
79
95
211
75
88
96
33
108
60
86
20
75
72
257
89
66
103
46
106
90
65
98
81
110
67
77
110
106
70
66
99
83
11
21
102
81
15
216
71
95
72
106
241
92
75
83
90
67
118
92
96
113
50
52
72
68
98
73
65
65
75
77
89
20
69
102
70
10
253
94
38
83
112
116
95
95
98
81
89
62
84
21
234
74
92
111
52
201
111
64
66
77
114
86
66
75
70
217
61
33
90
76
88
73
87
73
91
61
69
250
84
61
86
25
93
112
64
221
103
102
227
63
223
87
68
75
62
89
19
60
110
95
87
70
74
56
29
81
77
77
118
66
66
83
84
258
85
66
93
66
72
96
38
82
93
67
109
206
103
54
90
75
64
109
92
112
113
111
64
119
105
108
35
60
10
89
93
109
104
16
80
228
77
85
104
109
94
19
208
82
111
90
80
85
69
48
32
71
84
54
69
44
27
83
10
96
102
114
71
94
89
80
75
115
115
71
84
79
98
89
99
36
28
15
87
81
84
92
73
61
116
10
16
19
88
45
88
116
68
95
98
116
77
92
74
49
106
75
63
62
68
32
110
206
68
103
97
73
117
95
99
112
70
94
92
89
61
78
78
87
67
12
21
67
201
105
17
215
71
108
93
48
53
106
111
62
94
93
61
95
72
73
79
72
37
85
257
109
42
28
69
35
105
107
65
91
82
103
99
28
50
80
91
106
34
77
240
117
111
16
43
14
67
27
87
83
85
96
83
85
90
88
38
117
97
83
97
73
53
91
92
78
112
94
89
48
14
86
64
80
64
65
86
48
109
82
67
75
95
36
87
81
80
106
79
69
115
81
68
93
22
71
76
105
38
78
48
76
19
70
68
71
92
81
78
82
32
35
75
27
74
80
89
68
96
64
62
65
57
87
49
103
29
66
45
52
84
73
65
88
87
85
212
61
20
101
48
107
108
92
67
12
80
66
104
22
98
109
60
68
91
96
75
95
51
89
62
73
86
68
119
74
64
31
82
94
64
80
111
77
14
99
64
90
30
118
18
110
95
65
118
72
93
78
61
81
82
71
61
20
65
71
72
93
67
88
110
108
111
204
86
88
86
34
119
115
76
251
71
111
76
62
78
95
82
96
32
17
115
72
65
85
92
66
71
87
79
84
81
99
74
11
104
71
53
